1752476114516 0.06159751621377654 0
1752476133159 0.0015507124200618515 1
1752476150928 0.0013298480043498178 2
1752476168712 0.001136621588297809 3
1752476186398 0.0009393434061591203 4
1752476204120 0.0008453805763662482 5
1752476221931 0.0007301719784736634 6
1752476239872 0.0006747052262459571 7
1752476257747 0.000630786580091808 8
1752476275266 0.0006071893497331378 9
1752476292865 0.000590006181912031 10
1752476310526 0.0005595257339688639 11
1752476328212 0.0005490030523117942 12
1752476345929 0.0005346597599370094 13
1752476363588 0.0005357389747708415 14
1752476114516 0.06159751621377654 0
