1752475703173 0.18747513856738807 0
1752475709485 0.006611111156642437 1
1752475715426 0.0049896266693249345 2
1752475721396 0.0033349964725784957 3
1752475727681 0.0017666027266532182 4
1752475733974 0.0010766239401418715 5
1752475739984 0.0009280646637780591 6
1752475745904 0.0008478426490910352 7
1752475751647 0.0007857310494873672 8
1752475757558 0.000784751464263536 9
1752475763515 0.0007134643380995839 10
1752475769352 0.0007182282431749627 11
1752475775333 0.0007194348997436464 12
1752475781259 0.0006681322825606912 13
1752475787610 0.0006772194901714101 14
1752475794306 0.0006665668105706572 15
1752475800382 0.0006639117487356998 16
1752475806488 0.0006128677621600218 17
1752475812411 0.0006368179141427391 18
1752475818605 0.0006187817191821523 19
1752475824776 0.0006001508016488515 20
1752475831185 0.0005683801848208531 21
1752475837281 0.0005608291194657795 22
1752475843223 0.0005771744684316218 23
