1752475885902 0.09326211943058298 0
1752475898420 0.002607753491261974 1
1752475913316 0.0021551258109975607 2
1752475926424 0.0016743563347263262 3
1752475938972 0.0013299445679876953 4
1752475951753 0.0010373786261770874 5
1752475964667 0.0008509632659261115 6
1752475977442 0.000735635875724256 7
1752475990539 0.0007021768367267213 8
1752476004382 0.0006648965339409187 9
1752476017123 0.0006437356222886592 10
1752476029997 0.0006150137420918327 11
1752476042416 0.0006077187651535496 12
1752476054440 0.0005777670767565723 13
1752476066860 0.0005762250691186637 14
1752476079775 0.0005520454423676711 15
